1	11.0067
2	11.803
3	12.017
4	12.017
5	11.9511
6	12.1734
7	11.6877
8	11.128
9	9.6218
10	9.7617
11	10.4943
12	11.5314
13	11.1939
14	11.3009
15	10.9223
16	10.198
17	10.0663
18	10.165
19	10.2885
20	10.6918
21	10.8482
22	10.7824
23	10.9305
24	10.9305
25	10.8647
26	10.7083
27	10.4943
28	10.2803
29	10.4943
30	10.5519
31	10.593
32	11.021
33	10.8317
34	10.914
35	11.0293
36	11.0704
37	10.9058
38	11.1363
39	11.449
40	11.1445
41	11.1034
42	10.8976
43	10.84
44	10.6177
45	10.8482
46	11.0293
47	10.7988
48	10.7494
49	10.9717
50	11.3997
51	11.2021
52	11.449
53	11.877
54	11.6301
55	11.556
56	11.5972
57	11.5231
58	11.2021
59	11.1445
60	11.3667
61	11.2021
62	11.3832
63	11.2515
64	11.3585
65	11.3585
66	11.3585
67	11.3585
68	11.663
69	11.7207
70	11.803
71	11.7865
72	11.7618
73	11.9347
74	11.9264
75	11.877
76	12.0005
77	12.2227
78	12.017
79	11.984
80	11.8935
81	11.77
82	11.6795
83	11.77
84	11.6466
85	11.5396
86	11.6548
87	11.877
88	11.7042
89	11.5807
90	11.5643
91	11.663
92	11.7042
93	11.663
94	11.663
95	11.8359
96	11.5643
97	11.4079
98	11.3667
99	11.6877
100	11.5725
101	11.7289
102	11.6384
103	11.5067
104	11.4737
105	11.2927
106	11.3832
107	11.4573
108	11.5067
109	11.3503
110	11.5725
111	11.5231
112	11.5396
113	11.3174
114	11.449
115	11.2021
116	11.6877
117	11.5149
118	11.5643
119	11.5149
120	11.556
121	11.7124
122	11.7371
123	11.803
124	11.7207
125	11.5643
126	11.5972
127	11.6877
128	11.663
129	11.5314
130	11.7042
131	11.7124
132	11.7618
133	11.6301
134	11.5807
135	11.4573
136	11.5807
137	11.4244
138	11.2021
139	11.054
140	11.0869
141	10.9552
142	10.9305
143	10.7494
144	10.7083
145	10.6095
146	10.519
147	10.305
148	10.1074
149	9.8358
150	9.6053
151	9.663
152	9.8358
153	9.7288
154	9.6794
155	9.5066
156	9.3913
157	9.3913
158	9.1033
159	9.2761
160	9.4572
161	9.8276
162	10.0004
163	10.2144
164	10.1074
165	10.1897
166	10.3132
167	10.4778
168	10.5519
169	10.5601
170	10.6671
171	10.7412
172	10.6836
173	10.3873
174	10.4449
175	10.1733
176	10.412
177	10.412
178	10.2556
179	10.2556
180	10.305
181	10.4284
182	10.3379
183	10.3708
184	10.4449
185	10.412
186	10.2967
187	10.2885
188	10.1486
189	10.1733
190	10.2803
191	10.2803
192	10.412
193	10.2227
194	10.2309
195	10.1897
196	10.2309
197	10.2473
198	10.4449
199	10.4367
200	10.6507
201	10.8235
202	10.8811
203	10.8811
204	10.6095
205	10.5684
206	10.5025
207	10.5437
208	10.5437
209	10.7083
210	10.272
211	10.3379
212	10.2885
213	10.272
214	10.198
215	10.3708
216	10.519
217	10.519
218	10.4943
219	10.6671
220	10.7824
221	10.9223
222	11.0128
223	10.914
224	10.9881
225	10.914
226	10.9058
227	10.9552
228	11.0457
229	11.0293
230	10.9387
231	10.8976
232	10.9058
233	10.9881
234	11.1116
235	11.3667
236	11.4408
237	11.3174
238	11.3997
239	11.3256
240	11.1939
241	11.3914
242	11.3914
243	11.5231
244	11.5231
245	11.6877
246	11.5725
247	11.6301
248	11.6384
249	11.5396
250	11.5067
251	11.5972
252	11.556
253	11.5314
254	11.5314
255	11.5725
256	11.5725
257	11.5231
258	11.4573
259	11.5314
260	11.6384
261	11.6384
262	11.6713
263	11.3667
264	11.1116
265	11.1116
266	11.2515
267	11.0704
268	10.8482
269	10.7247
270	10.4614
271	10.6671
272	10.5684
273	10.3461
274	10.3297
275	10.3132
276	10.0992
277	10.1486
278	10.3708
279	10.6918
280	11.1116
281	11.0704
282	10.9058
283	11.054
284	11.021
285	11.1116
286	10.947
287	10.7412
288	11.1527
289	10.8811
290	10.7165
291	11.5396
292	12.8812
293	12.552
294	12.6014
295	12.6014
296	12.6178
297	12.5437
298	12.3709
299	12.7084
300	12.8977
301	12.9224
302	12.6343
303	12.4285
304	12.552
305	12.5026
306	12.552
307	12.5849
308	12.5767
309	12.6754
310	12.6178
311	12.3709
312	12.1404
313	12.1651
314	11.9594
315	12.5684
316	12.6425
317	12.5437
318	12.6837
319	12.7413
320	12.6507
321	12.6261
322	12.6672
323	12.6837
324	12.4697
325	12.338
326	12.6425
327	12.6754
328	12.9882
329	12.8812
330	12.9635
331	13.0705
332	13.087
333	13.0047
334	12.8401
335	12.9882
336	12.7084
337	12.3462
338	12.3544
339	12.4285
340	12.5931
341	12.5931
342	12.5931
343	12.3051
344	12.2804
345	12.1981
346	12.3462
347	12.3462
348	12.445
349	12.3133
350	12.0664
351	11.984
352	11.7618
353	11.6713
354	11.7042
355	11.8277
356	11.7618
357	11.7042
358	11.7865
359	11.8935
360	11.9347
361	11.7042
362	11.3914
363	11.6713
364	11.6548
365	12.1487
366	12.4038
367	12.1734
368	12.231
369	12.3462
370	12.6096
371	13.0211
372	12.8812
373	12.9224
374	12.7824
375	12.8071
376	12.8401
377	12.7413
378	12.9306
379	13.0623
380	13.1281
381	13.0458
382	12.8483
383	12.7577
384	12.6507
385	12.4779
386	12.5602
387	12.7577
388	12.6507
389	12.6425
390	12.5602
391	12.8812
392	12.9553
393	12.9388
394	12.8565
395	12.9224
396	12.9964
397	12.9224
398	12.7577
399	12.6014
400	12.552
401	12.659
402	12.5767
403	12.6343
404	12.8071
405	12.9553
406	12.7907
407	12.9224
408	12.8565
409	12.7495
410	12.7166
411	12.6837
412	12.8401
413	12.8401
414	12.9224
415	12.8812
416	12.9224
417	13.1693
418	13.4409
419	13.6302
420	13.622
421	13.7043
422	13.7948
423	13.9512
424	13.9841
425	13.8854
426	14.157
427	14.1652
428	14.0088
429	13.9512
430	13.7454
431	13.9101
432	13.9677
433	13.9924
434	13.8442
435	13.7537
436	13.8689
437	13.7207
438	13.9101
439	14.0088
440	13.9101
441	13.9101
442	14.157
443	14.1405
444	14.1158
445	14.2887
446	14.3627
447	13.9183
448	13.8524
449	13.622
450	13.4327
451	13.8277
452	13.9594
453	13.729
454	13.7372
455	14.2228
456	14.0911
457	14.3627
458	14.371
459	14.2393
460	14.124
461	14.0088
462	13.5644
463	13.7866
464	13.1281
465	13.1281
466	12.8894
467	13.3915
468	13.4162
469	12.9635
470	13.3586
471	13.622
472	13.622
473	14.1158
474	13.5314
475	12.7577
476	12.3874
477	12.5931
478	12.9224
479	12.9224
480	13.3339
481	13.3751
482	13.5561
483	13.4656
484	13.1034
485	12.8812
486	12.6343
487	12.6754
488	13.0705
489	13.1693
490	13.0705
491	12.6425
492	12.1816
493	12.5437
494	11.9347
495	12.4614
496	12.9059
497	12.8236
498	12.7989
499	12.9306
500	12.6425
501	12.552
502	12.1404
503	12.7166
504	12.7166
505	12.8812
506	12.8812
507	13.2351
508	13.2434
509	13.1693
510	13.087
511	12.6919
512	12.4121
513	12.6754
514	12.0993
515	12.2968
516	12.5108
517	12.5108
518	12.5108
519	12.6754
520	12.8401
521	13.0458
522	13.0458
523	12.7413
524	12.5437
525	13.482
526	13.622
527	13.803
528	13.7784
529	13.5314
530	13.6467
531	13.9101
532	13.803
533	13.5891
534	13.9101
535	14.157
536	14.1158
537	13.9265
538	14.0335
539	13.943
540	14.05
541	13.8936
542	13.5891
543	13.8277
544	14.157
545	14.157
546	13.7537
547	13.8607
548	13.7948
549	13.8277
550	13.9018
551	13.729
552	13.9512
553	14.0417
554	13.7454
555	13.8689
556	13.6714
557	13.7784
558	13.5561
559	13.4409
560	13.1857
561	13.0376
562	13.2104
563	13.3751
564	13.3174
565	13.2187
566	13.1857
567	13.2104
568	13.5397
569	13.6384
570	13.7207
571	13.4985
572	13.0787
573	13.1034
574	12.9141
575	13.0623
576	12.7248
577	12.552
578	12.4038
579	11.8194
580	11.4573
581	11.6384
582	12.0993
583	12.552
584	12.5191
585	12.552
586	12.7166
587	12.6261
588	12.1404
589	12.3874
590	12.4861
591	12.3874
592	12.5602
593	12.6754
594	12.6754
595	12.8812
596	12.8812
597	12.8812
598	12.7495
599	13.1281
600	13.0623
601	12.5026
602	12.3133
603	12.5849
604	12.4367
605	12.7577
606	12.9635
607	13.1857
608	13.1857
609	12.9224
610	12.7495
611	12.8318
612	13.0047
613	12.9635
614	12.9964
615	13.3668
616	13.1857
617	13.1446
618	13.2187
619	13.2187
620	13.4574
621	13.5561
622	13.408
623	13.2434
624	13.2022
625	13.2104
626	12.9635
627	13.1364
628	13.1693
629	13.1775
630	13.2516
631	13.1528
632	13.3174
633	13.3257
634	13.301
635	13.2269
636	13.3339
637	13.2845
638	13.0047
639	13.2022
640	13.1693
641	13.0787
642	12.6919
643	12.8318
644	12.8812
645	12.8401
646	12.7248
647	12.7001
648	12.3051
649	12.3297
650	12.4367
651	12.5767
652	12.98
653	12.8401
654	12.445
655	12.2145
656	11.8112
657	11.8935
658	11.6384
659	11.3091
660	11.1527
661	11.6466
662	11.696
663	11.7042
664	11.4408
665	11.6054
666	11.3997
667	11.589
668	11.6877
669	11.1857
670	11.1939
671	10.9964
672	11.2186
673	11.5149
674	11.7289
675	11.7042
676	11.5725
677	11.8112
678	11.696
679	11.4902
680	11.2597
681	11.1939
682	11.2515
683	11.6054
684	11.6054
685	11.3174
686	11.0375
687	11.0293
688	11.1116
689	11.375
690	11.5231
691	11.6877
692	11.7371
693	11.5231
694	11.6466
695	11.3256
696	11.6877
697	11.342
698	11.5643
699	11.2762
700	10.9881
701	10.7
702	10.6095
703	10.2391
704	10.0333
705	9.9428
706	9.1773
707	9.4654
708	9.3831
709	8.9551
710	8.453
711	7.8193
712	8.6835
713	8.8893
714	9.0127
715	9.2185
716	9.3008
717	9.095
718	9.3173
719	9.3008
720	9.877
721	9.3831
722	9.2597
723	9.4325
724	9.9593
725	10.1486
726	10.1486
727	9.8687
728	10.2062
729	10.7
730	10.6342
731	10.165
732	10.4943
733	10.9799
734	11.1774
735	10.7988
736	10.8647
737	10.4202
738	10.0251
739	10.2309
740	10.3708
741	10.2556
742	10.6013
743	10.8235
744	10.914
745	11.161
746	10.9058
747	10.6836
748	11.1939
749	11.3503
750	11.5231
751	11.556
752	11.8112
753	11.5807
754	11.4408
755	11.3667
756	11.5396
757	11.5231
758	11.3585
759	11.2021
760	11.0457
761	11.3091
762	11.1857
763	11.5231
764	12.1816
765	12.1816
766	11.984
767	11.6466
768	11.8112
769	11.7865
770	11.4408
771	11.2762
772	11.7618
773	11.6795
774	11.3256
775	11.161
776	11.1939
777	11.1939
778	11.1939
779	11.1939
780	11.4984
781	11.4408
782	11.4408
783	11.4408
784	11.5231
785	11.696
786	11.3997
787	11.0293
788	11.021
789	10.7577
790	10.5354
791	10.519
792	10.091
793	10.6177
794	10.3708
795	10.6671
796	10.6671
797	10.4531
798	10.9058
799	11.0293
800	11.0704
801	11.0869
802	11.2021
803	11.0375
804	10.8647
805	10.8647
806	11.1445
807	10.733
808	10.3873
809	10.2967
810	10.7165
811	10.4696
812	10.3955
813	10.2803
814	10.5025
815	10.84
816	10.5766
817	10.4531
818	10.2227
819	10.2803
820	10.2803
821	10.165
822	10.3955
823	10.5601
824	10.9881
825	10.9799
826	11.0869
827	11.3585
828	11.2844
829	11.3585
830	11.5149
831	11.5314
832	11.3338
833	11.1939
834	11.3585
835	11.342
836	11.4408
837	11.5231
838	11.6548
839	11.4408
840	11.2927
841	11.3832
842	11.0704
843	10.9058
844	10.914
845	11.235
846	11.235
847	11.235
848	11.235
849	11.3585
850	11.2762
851	11.0787
852	10.5272
853	10.6589
854	10.8564
855	10.5848
856	10.7
857	10.8894
858	11.3667
859	11.4408
860	11.3585
861	11.4079
862	11.1774
863	11.1116
864	11.0046
865	10.733
866	10.7659
867	10.4943
868	10.6507
869	10.6507
870	10.84
871	10.9634
872	10.8235
873	10.84
874	11.3174
875	11.2104
876	10.9881
877	11.0457
878	11.1527
879	11.235
880	11.0457
881	11.161
882	10.9223
883	10.8153
884	10.519
885	10.6589
886	10.7412
887	10.8317
888	10.6424
889	10.807
890	10.6424
891	10.626
892	10.6918
893	10.3708
894	10.2556
895	10.3132
896	10.1321
897	10.1239
898	10.3132
899	10.0827
900	9.9346
901	9.5971
902	9.9922
903	10.1568
904	9.9757
905	9.6712
906	9.3996
907	9.1938
908	9.202
909	8.9963
910	9.1527
911	9.4243
912	9.3008
913	8.9222
914	8.7164
915	8.988
916	9.663
917	9.8687
918	9.556
919	9.2432
920	8.8728
921	8.9304
922	8.379
923	8.346
924	8.7411
925	8.7576
926	8.1073
927	7.9839
928	7.844
929	7.6135
930	7.951
931	7.8357
932	8.5683
933	7.9839
934	7.9427
935	7.4077
936	7.4406
937	7.1608
938	7.6217
939	7.2843
940	7.9098
941	8.0003
942	7.5888
943	7.7781
944	7.4406
945	7.4406
946	7.8933
947	8.3296
948	8.2637
949	8.4695
950	8.6423
951	8.4366
952	8.346
953	8.8234
954	8.3625
955	8.2143
956	8.239
957	8.0909
958	7.6793
959	7.6629
960	7.5312
961	7.8604
962	7.5723
963	7.8769
964	8.3296
965	7.8522
966	7.7781
967	7.5723
968	7.5723
969	7.3254
970	7.0785
971	6.848
972	6.4612
973	6.1073
974	6.2225
975	6.7986
976	6.6752
977	6.2225
978	6.2389
979	6.5764
980	6.4612
981	6.1896
982	6.0661
983	6.0003
984	5.9591
985	6.2554
986	6.6834
987	6.5846
988	7.2349
989	7.276
990	7.7699
991	7.6135
992	7.6464
993	7.6958
994	7.4406
995	7.8028
996	7.7863
997	8.025
998	7.7123
999	7.6629
1000	7.918