1 11.0067
6 12.1734
10 9.7617
12 11.5314
17 10.0663
20 10.6918
81 11.77
137 11.4244
158 9.1033
167 10.4778
193 10.2227
260 11.6384
277 10.1486
280 11.1116
290 10.7165
292 12.8812
311 12.3709
329 12.8812
363 11.6713
372 12.8812
411 12.6837
423 13.9512
461 14.0088
465 13.1281
517 12.5108
535 14.157
575 13.0623
580 11.4573
583 12.552
636 13.3339
666 11.3997
698 11.5643
710 8.453
736 10.8647
738 10.0251
751 11.556
786 11.3997
792 10.091
800 11.0704
821 10.165
827 11.3585
887 10.8317
915 8.988
916 9.663
927 7.9839
944 7.4406
950 8.6423
984 5.9591
990 7.7699
1000 7.918
